# name: LEMMA
# type: matrix
# rows: 6319
# columns: 2

1 6187267
2 4239632
3 3093444
4 2687863
5 2186369
6 1924315
7 1620850
8 1375636
9 1090186
10 1039323
11 887877
12 884599
13 760399
14 695498
15 681255
16 680739
17 675027
18 559596
19 534162
20 517171
21 465486
22 461945
23 459622
24 434532
25 433441
26 426896
27 384313
28 380257
29 373808
30 372031
31 364164
32 358039
33 343063
34 333518
35 297281
36 272345
37 266116
38 261089
39 260919
40 249540
41 249466
42 239460
43 230737
44 220940
45 218258
46 217268
47 205432
48 201968
49 201819
50 195426
51 191661
52 185534
53 183427
54 179220
55 173414
56 171174
57 168387
58 167324
59 165014
60 163930
61 163469
62 163081
63 160652
64 153881
65 152619
66 151871
67 147618
68 146029
69 144554
70 143801
71 140063
72 138334
73 138151
74 137026
75 135185
76 131417
77 128517
78 128393
79 125442
80 125430
81 124884
82 124451
83 123655
84 122128
85 115523
86 114911
87 113655
88 113024
89 112636
90 111058
91 110090
92 108820
93 108710
94 108524
95 103508
96 103003
97 102621
98 101583
99 100652
100 98899
101 97985
102 95001
103 94293
104 92699
105 91141
106 90473
107 89890
108 89659
109 88862
110 86364
111 85939
112 84446
113 83382
114 79028
115 77612
116 77245
117 75588
118 75494
119 72774
120 72059
121 71008
122 70947
123 70676
124 70164
125 69978
126 69459
127 68362
128 67999
129 67842
130 67219
131 67198
132 66999
133 66894
134 66556
135 65773
136 64447
137 64423
138 64369
139 64118
140 63577
141 63087
142 62993
143 62445
144 62402
145 62350
146 62248
147 62201
148 62185
149 61912
150 61492
151 61446
152 61446
153 61338
154 60879
155 60689
156 60607
157 60592
158 60498
159 60182
160 59829
161 59094
162 58449
163 58152
164 57776
165 57754
166 57056
167 56638
168 56483
169 56208
170 55899
171 55704
172 54966
173 54468
174 54422
175 53396
176 53265
177 52979
178 52703
179 52561
180 52452
181 52227
182 51652
183 51626
184 51537
185 51259
186 50877
187 50548
188 50294
189 50092
190 49187
191 49022
192 48373
193 48177
194 48062
195 47923
196 47512
197 47234
198 47185
199 47141
200 46285
201 46228
202 46221
203 46145
204 45867
205 45487
206 45160
207 45042
208 44920
209 44496
210 44013
211 43894
212 43792
213 43750
214 43740
215 43635
216 43402
217 43139
218 42773
219 42341
220 42241
221 41909
222 41617
223 41497
224 41351
225 41205
226 41169
227 41162
228 41029
229 40858
230 40492
231 40460
232 40381
233 40265
234 40114
235 39850
236 39819
237 39626
238 39315
239 39265
240 39192
241 39000
242 38656
243 38608
244 38204
245 38053
246 37963
247 37892
248 37884
249 37836
250 37744
251 37736
252 37675
253 37640
254 37386
255 37278
256 37231
257 36665
258 36575
259 36360
260 36169
261 35767
262 35758
263 35295
264 35164
265 35058
266 35039
267 34970
268 34885
269 34807
270 34801
271 34775
272 34753
273 34603
274 34496
275 34292
276 34178
277 34064
278 33888
279 33687
280 33660
281 33423
282 33300
283 32998
284 32923
285 32899
286 32798
287 32786
288 32733
289 32675
290 32484
291 32404
292 32309
293 32259
294 32231
295 32075
296 31927
297 31873
298 31713
299 31630
300 31588
301 31284
302 31258
303 31231
304 31143
305 31110
306 31102
307 31082
308 30983
309 30960
310 30930
311 30857
312 30855
313 30775
314 30731
315 30675
316 30624
317 30599
318 30596
319 30595
320 30466
321 30454
322 30366
323 30326
324 30218
325 30179
326 30169
327 30166
328 29976
329 29943
330 29768
331 29722
332 29490
333 29194
334 29147
335 29141
336 29091
337 28981
338 28896
339 28887
340 28836
341 28772
342 28760
343 28711
344 28665
345 28626
346 28600
347 28321
348 28300
349 28271
350 28216
351 28210
352 28150
353 28035
354 27784
355 27697
356 27673
357 27665
358 27644
359 27632
360 27508
361 27485
362 27484
363 27367
364 27303
365 27221
366 27195
367 27184
368 27178
369 27166
370 26953
371 26894
372 26889
373 26856
374 26748
375 26625
376 26616
377 26556
378 26553
379 26304
380 26289
381 26244
382 26191
383 26034
384 26018
385 25990
386 25987
387 25966
388 25788
389 25781
390 25775
391 25635
392 25614
393 25608
394 25582
395 25444
396 25440
397 25371
398 25366
399 25340
400 25272
401 25066
402 25041
403 25024
404 24816
405 24527
406 24380
407 24370
408 24310
409 24252
410 24233
411 24205
412 24148
413 24144
414 24111
415 24095
416 24002
417 23976
418 23931
419 23799
420 23785
421 23742
422 23712
423 23694
424 23673
425 23629
426 23629
427 23533
428 23497
429 23484
430 23474
431 23409
432 23394
433 23340
434 23259
435 23218
436 23216
437 23188
438 23106
439 23106
440 23105
441 23103
442 23092
443 23082
444 23008
445 22992
446 22982
447 22959
448 22926
449 22899
450 22864
451 22781
452 22751
453 22712
454 22703
455 22657
456 22601
457 22363
458 22297
459 22237
460 22232
461 22180
462 22117
463 22101
464 22087
465 22040
466 22033
467 22010
468 22002
469 21939
470 21884
471 21845
472 21778
473 21763
474 21763
475 21727
476 21712
477 21596
478 21585
479 21575
480 21504
481 21488
482 21470
483 21454
484 21339
485 21260
486 21205
487 21181
488 21044
489 21016
490 20950
491 20946
492 20919
493 20904
494 20902
495 20839
496 20770
497 20726
498 20694
499 20678
500 20660
501 20633
502 20609
503 20586
504 20544
505 20517
506 20488
507 20373
508 20170
509 20168
510 20138
511 20113
512 20091
513 20089
514 20064
515 20060
516 20001
517 19928
518 19869
519 19865
520 19856
521 19833
522 19808
523 19744
524 19639
525 19636
526 19628
527 19565
528 19558
529 19542
530 19542
531 19539
532 19512
533 19459
534 19344
535 19340
536 19260
537 19218
538 19207
539 19160
540 19152
541 19151
542 19138
543 19057
544 19046
545 19039
546 19015
547 18982
548 18916
549 18913
550 18900
551 18866
552 18858
553 18853
554 18828
555 18757
556 18742
557 18717
558 18681
559 18675
560 18647
561 18579
562 18540
563 18511
564 18433
565 18432
566 18418
567 18415
568 18313
569 18247
570 18223
571 18201
572 18188
573 18107
574 18058
575 18044
576 17958
577 17947
578 17947
579 17902
580 17880
581 17878
582 17836
583 17809
584 17756
585 17732
586 17694
587 17662
588 17635
589 17622
590 17584
591 17553
592 17461
593 17415
594 17331
595 17226
596 17224
597 17197
598 17194
599 17193
600 17065
601 17022
602 16976
603 16973
604 16898
605 16860
606 16804
607 16776
608 16731
609 16647
610 16646
611 16628
612 16622
613 16579
614 16555
615 16509
616 16503
617 16487
618 16477
619 16402
620 16392
621 16331
622 16288
623 16281
624 16270
625 16247
626 16234
627 16233
628 16176
629 16138
630 16077
631 16040
632 16038
633 16008
634 16002
635 15911
636 15903
637 15872
638 15840
639 15837
640 15812
641 15767
642 15748
643 15747
644 15742
645 15722
646 15722
647 15688
648 15672
649 15644
650 15635
651 15627
652 15626
653 15620
654 15620
655 15602
656 15599
657 15552
658 15538
659 15502
660 15496
661 15491
662 15446
663 15442
664 15439
665 15416
666 15398
667 15370
668 15349
669 15292
670 15251
671 15250
672 15242
673 15227
674 15159
675 15156
676 15140
677 15106
678 15106
679 15044
680 15034
681 15024
682 15020
683 14961
684 14960
685 14959
686 14956
687 14934
688 14894
689 14873
690 14861
691 14812
692 14758
693 14739
694 14711
695 14692
696 14664
697 14650
698 14638
699 14635
700 14627
701 14627
702 14622
703 14622
704 14620
705 14609
706 14592
707 14565
708 14546
709 14527
710 14487
711 14482
712 14440
713 14437
714 14434
715 14420
716 14416
717 14403
718 14402
719 14379
720 14348
721 14330
722 14304
723 14274
724 14248
725 14244
726 14214
727 14212
728 14196
729 14178
730 14174
731 14155
732 14149
733 14141
734 14119
735 14093
736 14032
737 14025
738 13990
739 13989
740 13968
741 13921
742 13877
743 13852
744 13691
745 13684
746 13682
747 13673
748 13669
749 13668
750 13625
751 13592
752 13531
753 13518
754 13509
755 13503
756 13475
757 13471
758 13466
759 13452
760 13386
761 13337
762 13337
763 13308
764 13274
765 13249
766 13240
767 13237
768 13236
769 13223
770 13183
771 13177
772 13156
773 13153
774 13106
775 13105
776 13103
777 13083
778 13014
779 12996
780 12952
781 12942
782 12938
783 12926
784 12903
785 12902
786 12889
787 12883
788 12876
789 12867
790 12862
791 12857
792 12854
793 12853
794 12852
