# name: A
# type: matrix
# rows: 408 
# columns: 3

0 0 1255
1 0 2994
2 1 885
3 1 860
4 1 2300
5 1 1752
6 1 1391
7 1 1263
8 1 4055
9 1 1002
10 1 895
11 1 1544
12 1 1219
13 1 1496
14 1 1072
15 1 932
16 1 1354
17 2 1113
18 2 1308
19 2 1397
20 2 955
21 2 1227
22 2 999
23 3 2294
24 3 5746
25 3 1106
26 3 1489
27 4 834
28 4 1472
29 4 880
30 4 1239
31 4 1294
32 4 1086
33 4 2114
34 4 1018
35 4 1517
36 4 899
37 5 2154
38 5 1622
39 5 955
40 5 836
41 5 963
42 5 1228
43 5 824
44 5 2020
45 5 1091
46 6 1379
47 6 1537
48 6 2353
49 6 1242
50 6 1298
51 6 8707
52 6 2963
53 6 4363
54 6 1041
55 6 1412
56 6 5555
57 6 3941
58 7 1297
59 7 1877
60 7 994
61 7 1941
62 7 2115
63 7 1258
64 7 1344
65 7 1188
66 7 854
67 7 1087
68 7 5639
69 8 821
70 8 1415
71 8 1419
72 8 979
73 8 1029
74 8 1842
75 9 2429
76 9 1675
77 9 5721
78 9 1091
79 9 1184
80 9 5936
81 9 1161
82 9 2807
83 9 1137
84 9 906
85 9 1624
86 10 1041
87 10 2704
88 10 2249
89 10 1269
90 10 893
91 10 1686
92 11 1727
93 11 1211
94 11 2763
95 11 3018
96 11 1605
97 11 2042
98 11 1058
99 11 970
100 12 2078
101 12 970
102 12 1652
103 13 1895
104 13 1981
105 13 821
106 13 3010
107 13 1685
108 13 1830
109 13 2133
110 13 1627
111 13 1214
112 14 1676
113 14 1317
114 14 1317
115 14 2940
116 14 2071
117 14 3505
118 14 5517
119 14 998
120 14 979
121 14 928
122 15 2439
123 15 5996
124 15 966
125 15 1069
126 15 4885
127 15 1029
128 15 3504
129 16 2801
130 16 1989
131 16 1798
132 16 1403
133 16 1514
134 16 2003
135 16 6370
136 17 940
137 17 2793
138 17 1447
139 17 2109
140 17 2200
141 17 914
142 17 1255
143 17 972
144 18 954
145 18 4750
146 18 905
147 18 2821
148 18 1143
149 18 1203
150 18 1035
151 18 1257
152 18 1542
153 19 4027
154 19 2051
155 19 6713
156 19 2157
157 19 5604
158 19 1364
159 19 3216
160 19 2684
161 20 1095
162 20 880
163 20 1316
164 20 936
165 20 1163
166 20 5244
167 20 1556
168 20 980
169 21 2647
170 21 1196
171 21 2351
172 21 5642
173 21 1119
174 22 2130
175 22 981
176 22 3894
177 23 2629
178 23 1979
179 23 3538
180 23 1635
181 23 3698
182 23 967
183 24 1770
184 24 4420
185 24 3842
186 24 4282
187 24 4151
188 24 3122
189 24 2909
190 24 1931
191 24 1090
192 25 4903
193 25 1932
194 25 1337
195 25 1400
196 25 2141
197 25 1098
198 25 5098
199 26 4471
200 26 1285
201 26 3193
202 26 2099
203 26 1290
204 26 2362
205 26 900
206 27 1207
207 27 835
208 28 853
209 29 3790
210 29 4991
211 29 3626
212 29 1199
213 30 1479
214 30 2073
215 30 1214
216 30 830
217 30 2179
218 30 4738
219 31 8860
220 31 3320
221 32 2579
222 32 1160
223 32 1421
224 32 2918
225 32 7502
226 32 4001
227 32 3734
228 32 5283
229 33 1451
230 33 7980
231 33 2980
232 33 1575
233 34 2323
234 34 2294
235 34 4853
236 34 1013
237 35 2720
238 35 5322
239 35 2814
240 36 4822
241 36 1317
242 36 4993
243 36 5831
244 36 5344
245 36 6106
246 36 3766
247 37 3765
248 37 17947
249 37 1924
250 37 7236
251 38 6751
252 38 11100
253 38 916
254 38 3247
255 38 4037
256 39 4416
257 39 2321
258 39 2609
259 39 4538
260 40 1482
261 40 1488
262 40 6313
263 40 3344
264 40 2275
265 41 8172
266 42 1057
267 42 6258
268 43 3436
269 43 4148
270 43 13690
271 43 8908
272 43 8020
273 45 8980
274 45 2051
275 45 5615
276 46 1372
277 47 5177
278 47 6354
279 48 13837
280 48 1177
281 48 4969
282 48 21693
283 48 5263
284 50 4880
285 50 11184
286 50 2513
287 50 1134
288 51 6378
289 51 7762
290 51 1738
291 52 5670
292 52 3571
293 53 7808
294 53 3008
295 53 1218
296 53 2712
297 53 6272
298 54 2457
299 54 10071
300 55 2547
301 56 10327
302 57 1122
303 58 14149
304 59 5065
305 59 6803
306 59 4981
307 60 3571
308 61 811
309 62 10809
310 63 3131
311 63 9364
312 64 1811
313 64 17219
314 67 5617
315 70 8257
316 70 7933
317 70 1137
318 71 6930
319 71 2219
320 72 810
321 72 4579
322 72 5344
323 73 5708
324 73 10173
325 73 5434
326 74 14088
327 76 14784
328 76 22620
329 77 2037
330 78 1185
331 79 2001
332 80 7632
333 80 2994
334 82 2277
335 83 6209
336 83 11323
337 83 11643
338 83 5303
339 85 1800
340 85 7950
341 86 3881
342 86 1163
343 87 6317
344 89 13002
345 89 16281
346 89 1936
347 90 9858
348 91 3895
349 91 12996
350 92 1696
351 92 24708
352 92 4576
353 92 1027
354 93 8589
355 94 8206
356 96 16429
357 96 7232
358 100 5153
359 102 6824
360 102 10693
361 103 10952
362 111 1796
363 112 9586
364 115 5667
365 117 8054
366 118 1067
367 119 6135
368 119 3480
369 120 4720
370 124 4400
371 125 10679
372 125 8780
373 125 2264
374 131 14316
375 136 1809
376 139 7318
377 140 2447
378 143 3541
379 151 3137
380 160 7966
381 161 17637
382 168 27376
383 173 14420
384 176 38494
385 177 40595
386 179 3385
387 204 19513
388 206 23259
389 231 6781
390 246 30424
391 249 21219
392 265 16252
393 298 11135
394 301 23742
395 318 13877
396 319 12930
397 321 5402
398 337 19268
399 340 34013
400 347 27365
401 362 14468
402 453 16598
403 468 16641
404 537 4351
405 575 51923
406 591 19224
407 1036 5116
