# Created by Octave 3.2.4, Tue May 07 17:35:47 2013 PDT <jian@sloth.local>
# name: A
# type: matrix
# rows: 1
# columns: 3
1 2 3
